lef_joint1 = [0.0 0.964983045819 0.0 -1.47011978094 -3.140793 -0.476251500367 -1.5707963268]
rig_joint1 = [0.0 0.964983045819 0.0 -1.47011978094 -3.140793 -0.474466652513 -1.5707963268]

